image: ./my_map.pgm
resolution: 0.050000
origin: [-16.204781, -22.601588, 0.0]
negate: 0
occupied_thresh: 0.65
free_thresh: 0.196
